Relaxation, Number of culverts
0.5 24
I1   I2    CE1   CE2   CS1   CS2   LRG  HAUT1  CLP  LBUS    Z1    Z2    CV   C56   CV5  C5   CT  HAUT2   FRIC   LENGTH  CIRC  D1  D2  A1  A2  AA
7236 3099  1.0   1.0   1.0   1.0   2.5  -7.5    5   1.0     100   100   0.0   1    3     6   1    -7.5     0.025    50     1  0   0   0   0   3
7264 3130  1.0   1.0   1.0   1.0   2.5  -7.5    5   1.0     100   100   0.0   1    2     6   1    -7.5     0.025    50     1  0   0   0   0   3
7294 3158  1.0   1.0   1.0   1.0   2.5  -7.5    5   1.0     100   100   0.0   1    1     6   1    -7.5     0.025    50     1  0   0   0   0   3
7331 3234  1.0   1.0   1.0   1.0    5   -7.5    6   1.0     100   100   0.0   10   1.5   6   1    -7.5     0.025    50     1  0   0   0   0   3
7351 3261  1.0   1.0   1.0   1.0    5   -7.5    6   1.0     100   100   0.0   10   1.5   6   1    -7.5     0.025    50     1  0   0   0   0   3
7379 3304  1.0   1.0   1.0   1.0    5   -7.5    6   1.0     100   100   0.0   10   1.5   6   1    -7.5     0.025    50     1  0   0   0   0   3
7215 3023  1.0   1.0   1.0   1.0    0   -7.5    4   1.0     100   100   1.0   10   1.0   6   1    -7.5     0.025    50     0  0   0   0   0   1
7316 3640  1.0   1.0   1.0   1.0    0   -7.5    4   1.0     100   100   1.0   10   1.0   6   1    -7.5     0.025    50     0  0   0   0   0   1
7342 3998  1.0   1.0   1.0   1.0    0   -7.5    4   1.0     100   100   1.0   10   1.0   6   1    -7.5     0.025    50     0  0   0   0   0   1
7251 3214  1.0   1.0   1.0   1.0    0   -7.5    4   1.0     100   100   1.0   10   1.0   6   1    -7.5     0.025    50     0  0   0   0   0   1
7366 3647  1.0   1.0   1.0   1.0    0   -7.5    4   1.0     100   100   1.0   10   1.0   6   1    -7.5     0.025    50     0  0   0   0   0   1
7313 3480  1.0   1.0   1.0   1.0    0   -7.5    4   1.0     100   100   1.0   10   1.0   6   1    -7.5     0.025    50     0  0   0   0   0   1
7695 3634  1.0   1.0   1.0   1.0   2.5  -7.5    5   1.0     100   100   0.0   0    3     6   2    -7.5     0.025    50     1  0   0   0   0   3
7985 3666  1.0   1.0   1.0   1.0   2.5  -7.5    5   1.0     100   100   0.0   0    2     6   2    -7.5     0.025    50     1  0   0   0   0   3
7731 3694  1.0   1.0   1.0   1.0   2.5  -7.5    5   1.0     100   100   0.0   0    1     6   2    -7.5     0.025    50     1  0   0   0   0   3
7772 3771  1.0   1.0   1.0   1.0    5   -7.5    6   1.0     100   100   0.0   10   1.5   6   2    -7.5     0.025    50     1  0   0   0   0   3
7795 3814  1.0   1.0   1.0   1.0    5   -7.5    6   1.0     100   100   0.0   10   1.5   6   2    -7.5     0.025    50     1  0   0   0   0   3
7823 3846  1.0   1.0   1.0   1.0    5   -7.5    6   1.0     100   100   0.0   10   1.5   6   2    -7.5     0.025    50     1  0   0   0   0   3
7646 3023  1.0   1.0   1.0   1.0    0   -7.5    4   1.0     100   100   1.0   10   1.0   6   2    -7.5     0.025    50     0  0   0   0   0   1
7660 3640  1.0   1.0   1.0   1.0    0   -7.5    4   1.0     100   100   1.0   10   1.0   6   2    -7.5     0.025    50     0  0   0   0   0   1
7886 3998  1.0   1.0   1.0   1.0    0   -7.5    4   1.0     100   100   1.0   10   1.0   6   2    -7.5     0.025    50     0  0   0   0   0   1
7682 3214  1.0   1.0   1.0   1.0    0   -7.5    4   1.0     100   100   1.0   10   1.0   6   2    -7.5     0.025    50     0  0   0   0   0   1
7838 3647  1.0   1.0   1.0   1.0    0   -7.5    4   1.0     100   100   1.0   10   1.0   6   2    -7.5     0.025    50     0  0   0   0   0   1
7775 3480  1.0   1.0   1.0   1.0    0   -7.5    4   1.0     100   100   1.0   10   1.0   6   2    -7.5     0.025    50     0  0   0   0   0   1