Relaxation, Number of culverts
0.5 14
I1   I2    CE1   CE2   CS1   CS2   LRG  HAUT1  CLP  LBUS    Z1    Z2    CV   C56   CV5  C5   CT  HAUT2   FRIC   LENGTH  CIRC  D1  D2  A1  A2  AA
6087 2482  1.0   1.0   1.0   1.0   7.2  -7.5    5   1.0     100   100   0.0   0    3     6   1    -7.5     0.025    50     1  0   0   0   0   3
6129 2527  1.0   1.0   1.0   1.0   7.2  -7.5    5   1.0     100   100   0.0   0    2     6   1    -7.5     0.025    50     1  0   0   0   0   3
6172 2574  1.0   1.0   1.0   1.0   7.2  -7.5    5   1.0     100   100   0.0   0    1     6   1    -7.5     0.025    50     1  0   0   0   0   3
6215 2622  1.0   1.0   1.0   1.0   7.2  -7.5    5   1.0     100   100   0.0   1    1     6   1    -7.5     0.025    50     1  0   0   0   0   3
6387 2810  1.0   1.0   1.0   1.0   10   -7.5    6   1.0     100   100   0.0   10   1.5   6   1    -7.5     0.025    50     1  0   0   0   0   1
6430 2857  0.8   0.8   1.0   1.0    9   -7.5    6   1.0     100   100   0.0   10   1.5   6   1    -7.5     0.025    50     1  0   0   0   0   1
6473 2905  0.6   0.6   1.0   1.0    8   -7.5    6   1.0     100   100   0.0   10   1.5   6   1    -7.5     0.025    50     2  0   0   0   0   1
6515 2954  0.4   0.4   1.0   1.0    7   -7.5    6   1.0     100   100   0.0   10   1.5   6   1    -7.5     0.025    50     2  0   0   0   0   1
5981 2304  1.0   1.0   1.0   1.0    0   -7.5    4   1.0     100   100   1.0   10   1.0   6   1    -7.5     0.025    50     0  0   0   0   0   1
6206 2588  1.0   1.0   1.0   1.0    0   -7.5    4   1.0     100   100   0.8   10   0.8   6   1    -7.5     0.025    50     0  0   0   0   0   1
6009 2336  1.0   1.0   1.0   1.0    0   -7.5    4   1.0     100   100   0.6   10   0.6   6   1    -7.5     0.025    50     0  0   0   0   0   1
6227 2598  1.0   1.0   1.0   1.0    0   -7.5    4   1.0     100   100   0.4   10   0.4   6   1    -7.5     0.025    50     0  0   0   0   0   1
6018 2324  1.0   1.0   1.0   1.0    0   -7.5    4   1.0     100   100   0.2   10   0.2   6   1    -7.5     0.025    50     0  0   0   0   0   1
6263 2643  1.0   1.0   1.0   1.0    0   -7.5    4   1.0     100   100   0.1   10   0.1   6   1    -7.5     0.025    50     0  0   0   0   0   1