Relaxation, Number of culverts
0.5 14
I1   I2    CE1   CE2   CS1   CS2   LRG    HAUT1  CLP  LBUS    Z1    Z2    CV   C56   CV5  C5   CT  HAUT2   FRIC   LENGTH  CIRC  D1  D2  A1  A2  AA
2482 6087  1.0   1.0   1.0   1.0   7.2    7.5     5   1.0    -10    -10   1.0   0    3     6   1     7.5     0.025    50     1  0   0   0   0   1
2527 6129  1.0   1.0   1.0   1.0   7.2    7.5     5   1.0    -10    -10   1.0   0    2     6   1     7.5     0.025    50     1  0   0   0   0   1
2574 6172  1.0   1.0   1.0   1.0   7.2    7.5     5   1.0    -10    -10   1.0   0    1     6   1     7.5     0.025    50     1  0   0   0   0   1
2622 6215  1.0   1.0   1.0   1.0   7.2    7.5     5   1.0    -10    -10   1.0   1    1     6   1     7.5     0.025    50     1  0   0   0   0   1
2810 6387  1.0   1.0   1.0   1.0   10     7.5     6   1.0    -10    -10   1.0   10   1.5   6   1     7.5     0.025    50     1  0   0   0   0   1
2857 6430  0.8   0.8   1.0   1.0    9     7.5     6   1.0    -10    -10   1.0   10   1.5   6   1     7.5     0.025    50     1  0   0   0   0   1
2905 6473  0.6   0.6   1.0   1.0    8     7.5     6   1.0    -10    -10   1.0   10   1.5   6   1     7.5     0.025    50     2  0   0   0   0   1
2954 6515  0.4   0.4   1.0   1.0    7     7.5     6   1.0    -10    -10   1.0   10   1.5   6   1     7.5     0.025    50     2  0   0   0   0   1
2304 5981  1.0   1.0   1.0   1.0    0     7.5     4   1.0    -10    -10   1.0   10   1.0   6   1     7.5     0.025    50     0  0   0   0   0   1
2588 6206  1.0   1.0   1.0   1.0    0     7.5     4   1.0    -10    -10   0.8   10   0.8   6   1     7.5     0.025    50     0  0   0   0   0   1
2336 6009  1.0   1.0   1.0   1.0    0     7.5     4   1.0    -10    -10   0.6   10   0.6   6   1     7.5     0.025    50     0  0   0   0   0   1
2598 6227  1.0   1.0   1.0   1.0    0     7.5     4   1.0    -10    -10   0.4   10   0.4   6   1     7.5     0.025    50     0  0   0   0   0   1
2324 6018  1.0   1.0   1.0   1.0    0     7.5     4   1.0    -10    -10   0.2   10   0.2   6   1     7.5     0.025    50     0  0   0   0   0   1
2643 6263  1.0   1.0   1.0   1.0    0     7.5     4   1.0    -10    -10   0.1   10   0.1   6   1     7.5     0.025    50     0  0   0   0   0   1


! Guide
! Pump
! Turbine + Pump
! Turbine (No parallel sluice)
! Turbine (parallel sluice)
! Sluice
! Sluice
! Sluice
! Sluice
! Guide Points 1
! Guide Points 0.8
! Guide Points 0.6
! Guide Points 0.4
! Guide Points 0.2
! Guide Points 0.1
