Turbine bank TRS file for WSL
RAMPTIME            0.25
PREV_SWITCH         0.0
MAX_GEN             48
MAX_HOLD            48
MAX_SLUICE          48
MAX_PUMP            48
IS2WAY              T
ISFLEXIBLE          TRUE
ISPUMPING           T
MODE_FIRST          4
N_HILLS_G           1
N_HILLS_P           1
LEN_HILLS_G         16
LEN_HILLS_P         16
N_FLEX              230
ORIG_DIAM_T         9
WARMUP              0.25
PUMPTOLEVEL         F
MODE                0
GENERATOR FLOW
0    0
1    282
1.5  381
2    458
2.5  519
3.7  650
6    708
6.5  719
7    723
7.1  690
7.5  641
8    587
8.5  545
9    511
9.5  484
11.3 401
GENERATOR POWER
0    0
1    0.1
1.5  2.3298
2    5.1731
2.5  8.1827
3.7  15.9697
6    32.2995
6.5  35.951
7    38.9
7.1  38.9
7.5  38.9
8    38.9
8.5  38.9
9    38.9
9.5  38.9
11.3 38.9
PUMP FLOW
0    0
1    282
1.5  381
2    458
2.5  519
3.7  650
6    708
6.5  719
7    723
7.1  690
7.5  641
8    587
8.5  545
9    511
9.5  484
11.3 401
PUMP POWER
0    2.3298
1    2.3298
1.5  2.3298
2    5.1731
2.5  8.1827
3.7  15.9697
6    32.2995
6.5  35.951
7    38.9
7.1  38.9
7.5  38.9
8    38.9
8.5  38.9
9    38.9
9.5  38.9
11.3 38.9
FLEX CONTROL
12.5 7.5 3.5 1 2.5 1
17.917 7.3 3.3 1 2.5 1
24.167 7.5 3.5 1 2.5 1
30.167 6.7 3.3 1 2.5 1
36.667 6.9 3.3 1 2.5 1
42.667 7.2 3.3 1 2.5 1
49.167 7.4 3.5 1 2.5 1
55.167 6.5 3.4 1 2.5 1
61.417 6.9 3.5 1 2.5 1
67.667 6.8 3.5 1 2.5 1
73.917 7.1 3.5 1 2.5 1
79.917 6.6 3.5 1 2.5 1
86.167 6.5 3.4 1 2.5 1
92.417 6.7 3.2 1 2.5 1
98.667 7.3 3.5 1 2.3 1
104.667 4.7 3.4 1 2.5 1
110.917 6.2 3.5 1 2.5 1
116.917 7.0 3.5 1 2.5 1
123.167 6.3 3.5 1 2.5 1
129.417 6.9 3.2 1 2.3 1
135.667 7.1 3.5 1 2.5 1
141.667 6.8 3.2 1 2.5 1
147.667 5.8 2.8 1 2.5 1
153.917 5.5 2.8 1 2.5 1
160.167 6.1 3.0 1 2.5 1
166.167 6.3 3.1 1 2.5 1
172.167 5.6 2.8 1 2.5 1
178.667 6.2 2.8 1 2.5 1
184.667 6.4 3.0 1 2.5 1
190.917 6.2 2.7 1 2.5 1
196.667 5.9 3.2 1 2.5 1
203.167 5.6 2.7 1 2.5 1
209.167 5.9 2.8 1 2.5 1
215.667 5.7 2.4 1 2.3 1
221.417 5.3 2.3 1 2.5 1
227.917 5.4 2.1 1 2.5 1
233.917 5.1 1.9 1 2.5 1
240.417 4.7 2.0 1 2.5 1
246.417 4.9 2.2 1 2.5 1
252.917 4.9 2.5 1 2.5 1
258.917 4.3 1.7 1 2.5 1
265.667 4.4 2.0 1 2.5 1
271.917 3.4 1.2 1 2.5 1
278.417 3.5 1.0 1 2.3 1
284.667 4.9 2.4 1 2.5 1
291.167 5.2 2.0 1 2.5 1
297.167 5.4 2.4 1 2.1 1
303.667 5.0 2.1 1 2.5 1
309.920 5.5 2.5 1 2.5 1
316.170 5.4 2.3 1 2.5 1
322.420 5.5 2.4 1 2.5 1
328.670 5.6 2.2 1 2.5 1
334.920 5.4 2.6 1 2.5 1
341.170 6.4 2.5 1 2.5 1
347.170 6.5 2.8 1 2.5 1
353.420 6.4 2.7 1 2.5 1
359.670 5.8 2.8 1 2.5 1
365.920 6.6 3.2 1 2.5 1
371.920 6.9 3.1 1 2.5 1
378.170 6.2 2.8 1 2.5 1
384.170 6.9 3.1 1 2.5 1
390.420 6.9 3.2 1 2.5 1
396.670 6.8 3.4 1 2.5 1
402.920 6.8 3.1 1 2.5 1
408.920 6.6 3.4 1 2.5 1
415.170 6.2 3.0 1 2.5 1
421.170 6.9 3.0 1 2.5 1
427.420 7.3 3.5 1 2.5 1
433.420 7.1 3.4 1 2.5 1
439.670 5.8 3.3 1 2.5 1
445.920 6.6 3.1 1 2.5 1
451.920 7.0 3.3 1 2.5 1
458.170 6.9 3.2 1 2.5 1
464.170 6.8 3.5 1 2.5 1
470.420 5.9 3.1 1 2.4 1
476.420 6.7 3.1 1 2.5 1
482.670 5.8 3.2 1 2.5 1
488.670 6.4 3.1 1 2.5 1
494.920 6.7 3.3 1 2.5 1
500.920 6.7 3.3 1 2.5 1
507.170 6.5 3.1 1 2.5 1
513.420 5.7 3.0 1 2.5 1
519.420 5.7 3.0 1 2.5 1
525.670 5.6 2.8 1 2.5 1
531.670 5.6 2.8 1 2.5 1
538.000 6.7 2.8 1 2.5 1
544.000 6.2 3.1 1 2.5 1
550.250 6.3 2.9 1 2.5 1
556.250 6.2 2.9 1 2.5 1
562.750 6.1 2.9 1 2.5 1
568.500 6.4 3.0 1 2.4 1
575.000 6.0 2.8 1 2.5 1
580.750 5.2 2.4 1 2.5 1
587.500 5.7 2.7 1 2.5 1
593.250 5.6 2.4 1 2.5 1
599.750 5.6 2.5 1 2.5 1
605.750 5.8 2.7 1 2.5 1
612.500 6.0 2.7 1 2.5 1
618.500 5.4 2.5 1 2.5 1
625.000 5.0 2.1 1 2.5 1
631.250 4.7 2.2 1 2.5 1
638.000 6.0 2.8 1 2.5 1
644.250 5.4 2.8 1 2.5 1
650.750 5.5 2.2 1 2.5 1
657.000 5.8 2.6 1 2.5 1
663.500 5.9 2.7 1 2.5 1
669.750 5.3 2.3 1 2.5 1
676.000 6.0 2.4 1 2.4 1
682.500 5.2 3.1 1 2.5 1
688.750 6.5 3.2 1 2.5 1
695.000 6.8 2.9 1 2.5 1
701.250 7.2 3.1 1 2.5 1
707.500 6.8 3.2 1 2.5 1
713.750 6.8 2.9 1 2.5 1
720.000 7.0 3.4 1 2.5 1
726.250 7.4 3.5 1 2.5 1
732.500 6.3 3.5 1 2.5 1
738.750 5.3 3.2 1 2.5 1
745.000 7.0 0.9 1 2.5 1
751.000 7.1 3.2 1 2.5 1
757.250 7.2 3.5 1 2.1 1
763.500 7.5 3.5 1 2.3 1
769.750 6.6 3.1 1 2.5 1
775.750 7.1 3.5 1 2.5 1
782.000 6.7 3.5 1 2.5 1
788.000 7.0 3.5 1 2.5 1
794.250 6.0 3.4 1 2.5 1
800.250 6.5 3.1 1 2.5 1
806.750 6.5 3.5 1 2.5 1
812.750 7.1 3.3 1 2.5 1
819.000 7.2 3.5 1 2.2 1
825.000 7.2 3.5 1 2.5 1
831.250 6.8 3.5 1 2.5 1
837.250 7.2 3.3 1 2.5 1
843.500 6.5 3.4 1 2.5 1
849.500 6.1 3.1 1 2.5 1
855.750 5.8 3.0 1 2.5 1
861.750 5.1 3.0 1 2.5 1
867.750 6.2 3.0 1 2.5 1
874.000 5.3 2.7 1 2.5 1
880.000 5.7 2.7 1 2.5 1
886.250 6.3 3.1 1 2.5 1
892.250 6.6 2.8 1 2.5 1
898.500 6.0 3.1 1 2.5 1
904.500 5.8 2.7 1 2.4 1
910.750 5.6 2.6 1 2.4 1
916.750 5.8 2.7 1 2.5 1
923.250 5.5 2.5 1 2.5 1
929.000 5.2 2.3 1 2.5 1
935.500 4.8 2.2 1 2.5 1
941.500 4.9 2.2 1 2.5 1
948.000 4.8 2.2 1 2.5 1
954.000 5.4 2.2 1 2.5 1
960.750 4.0 1.7 1 2.5 1
966.750 4.2 1.7 1 2.5 1
973.500 4.2 1.5 1 2.5 1
979.500 4.2 1.6 1 2.5 1
986.500 4.4 1.9 1 2.4 1
992.500 4.4 1.9 1 2.5 1
999.000 4.7 2.4 1 2.2 1
1005.250 4.8 2.3 1 2.5 1
1011.750 4.9 2.2 1 2.5 1
1018.000 4.6 1.9 1 2.5 1
1024.250 4.7 1.6 1 2.4 1
1030.500 5.7 2.5 1 2.5 1
1036.750 5.8 2.5 1 2.5 1
1042.750 5.7 2.6 1 2.5 1
1049.000 6.5 3.2 1 2.5 1
1055.250 6.1 2.9 1 2.5 1
1061.500 6.6 2.8 1 2.5 1
1067.500 6.6 3.1 1 2.5 1
1073.750 7.0 2.9 1 2.5 1
1080.000 6.9 3.2 1 2.5 1
1086.250 6.7 3.0 1 2.5 1
1092.250 6.7 3.2 1 2.5 1
1098.500 6.9 3.1 1 2.5 1
1104.750 6.0 3.3 1 2.5 1
1110.750 6.8 3.2 1 2.5 1
1117.000 7.3 3.3 1 2.5 1
1123.000 7.1 3.3 1 2.5 1
1129.250 6.4 3.5 1 2.5 1
1135.250 6.8 3.4 1 2.4 1
1141.500 7.0 3.5 1 2.5 1
1147.750 7.1 3.5 1 2.5 1
1153.750 6.7 3.3 1 2.5 1
1160.000 7.1 3.5 1 2.5 1
1166.250 7.2 3.5 1 2.5 1
1172.250 7.2 3.5 1 2.5 1
1178.500 6.2 3.5 1 2.5 1
1184.500 6.7 3.2 1 2.4 1
1190.750 7.2 3.4 1 2.5 1
1196.750 6.2 3.5 1 2.5 1
1203.000 6.2 3.1 1 2.5 1
1209.000 5.2 3.3 1 2.5 1
1215.250 5.8 3.0 1 2.5 1
1221.250 6.8 3.5 1 2.5 1
1227.500 5.7 3.1 1 2.5 1
1233.750 6.4 3.4 1 2.4 1
1239.750 5.8 3.0 1 2.5 1
1246.000 5.8 3.5 1 2.5 1
1252.000 7.1 3.1 1 2.5 1
1258.250 7.0 3.0 1 2.5 1
1264.250 6.0 2.8 1 2.4 1
1270.500 6.2 2.6 1 2.5 1
1276.500 6.0 2.4 1 2.5 1
1283.250 6.2 2.7 1 2.5 1
1289.000 5.0 2.2 1 2.5 1
1295.500 4.5 2.1 1 2.5 1
1301.500 5.6 2.3 1 2.5 1
1308.250 6.7 1.9 1 2.5 1
1314.250 5.2 2.7 1 2.5 1
1320.750 5.6 2.7 1 2.5 1
1327.000 5.1 2.1 1 2.5 1
1333.750 5.5 2.3 1 2.5 1
1340.000 5.2 2.4 1 2.5 1
1346.500 5.9 2.6 1 2.5 1
1352.750 5.8 2.1 1 2.5 1
1359.250 6.1 2.5 1 2.5 1
1365.500 5.4 2.4 1 2.5 1
1372.000 6.5 2.6 1 2.5 1
1378.250 6.3 2.5 1 2.5 1
1384.500 6.7 3.5 1 2.5 1
1390.750 7.5 3.3 1 2.5 1
1397.000 7.5 3.3 1 2.4 1
1403.250 6.3 3.2 1 2.5 1
1409.500 7.1 3.1 1 2.5 1
1415.750 6.9 3.4 1 2.5 1
1422.000 6.6 3.3 1 2.5 1
1428.250 5.8 3.3 1 2.5 1
1434.250 6.6 3.2 1 2.5 1
